--Made by N3xul.
-- Script Name: N3xul Horse
-- Last Updated: 
local runDummyScript = function(f,scri)
local oldenv = getfenv(f)
local newenv = setmetatable({}, {
__index = function(_, k)
if k:lower() == 'script' then
return scri
else
return oldenv[k]
end
end
})
setfenv(f, newenv)
ypcall(function() f() end)
end
cors = {}
mas = Instance.new("Model",game:GetService("Lighting")) 
mas.Name = "CompiledModel"
o1 = Instance.new("Model")
o2 = Instance.new("Part")
o3 = Instance.new("SpecialMesh")
o4 = Instance.new("WedgePart")
o5 = Instance.new("WedgePart")
o6 = Instance.new("Model")
o7 = Instance.new("WedgePart")
o8 = Instance.new("Part")
o9 = Instance.new("CylinderMesh")
o10 = Instance.new("Part")
o11 = Instance.new("BlockMesh")
o12 = Instance.new("WedgePart")
o13 = Instance.new("Part")
o14 = Instance.new("BlockMesh")
o15 = Instance.new("Part")
o16 = Instance.new("BlockMesh")
o17 = Instance.new("WedgePart")
o18 = Instance.new("Part")
o19 = Instance.new("BlockMesh")
o20 = Instance.new("Part")
o21 = Instance.new("BlockMesh")
o22 = Instance.new("Part")
o23 = Instance.new("CylinderMesh")
o24 = Instance.new("Part")
o25 = Instance.new("BlockMesh")
o26 = Instance.new("Part")
o27 = Instance.new("BlockMesh")
o28 = Instance.new("Part")
o29 = Instance.new("BlockMesh")
o30 = Instance.new("Part")
o31 = Instance.new("BlockMesh")
o32 = Instance.new("Part")
o33 = Instance.new("BlockMesh")
o34 = Instance.new("WedgePart")
o35 = Instance.new("Part")
o36 = Instance.new("BlockMesh")
o37 = Instance.new("Part")
o38 = Instance.new("BlockMesh")
o39 = Instance.new("Part")
o40 = Instance.new("SpecialMesh")
o41 = Instance.new("Part")
o42 = Instance.new("BlockMesh")
o43 = Instance.new("Part")
o44 = Instance.new("BlockMesh")
o45 = Instance.new("Part")
o46 = Instance.new("BlockMesh")
o47 = Instance.new("Part")
o48 = Instance.new("BlockMesh")
o49 = Instance.new("Part")
o50 = Instance.new("CylinderMesh")
o51 = Instance.new("Part")
o52 = Instance.new("CylinderMesh")
o53 = Instance.new("Part")
o54 = Instance.new("BlockMesh")
o55 = Instance.new("Part")
o56 = Instance.new("BlockMesh")
o57 = Instance.new("Part")
o58 = Instance.new("CylinderMesh")
o59 = Instance.new("Part")
o60 = Instance.new("BlockMesh")
o61 = Instance.new("Part")
o62 = Instance.new("SpecialMesh")
o63 = Instance.new("Model")
o64 = Instance.new("Part")
o65 = Instance.new("CylinderMesh")
o66 = Instance.new("Part")
o67 = Instance.new("CylinderMesh")
o68 = Instance.new("Part")
o69 = Instance.new("CylinderMesh")
o70 = Instance.new("Part")
o71 = Instance.new("CylinderMesh")
o72 = Instance.new("Part")
o73 = Instance.new("CylinderMesh")
o74 = Instance.new("Part")
o75 = Instance.new("CylinderMesh")
o76 = Instance.new("Part")
o77 = Instance.new("CylinderMesh")
o78 = Instance.new("Part")
o79 = Instance.new("CylinderMesh")
o80 = Instance.new("Part")
o81 = Instance.new("CylinderMesh")
o82 = Instance.new("Part")
o83 = Instance.new("CylinderMesh")
o84 = Instance.new("Part")
o85 = Instance.new("CylinderMesh")
o86 = Instance.new("Part")
o87 = Instance.new("CylinderMesh")
o88 = Instance.new("Part")
o89 = Instance.new("CylinderMesh")
o90 = Instance.new("Part")
o91 = Instance.new("CylinderMesh")
o92 = Instance.new("Part")
o93 = Instance.new("CylinderMesh")
o94 = Instance.new("Part")
o95 = Instance.new("CylinderMesh")
o96 = Instance.new("Part")
o97 = Instance.new("CylinderMesh")
o98 = Instance.new("Part")
o99 = Instance.new("CylinderMesh")
o100 = Instance.new("Part")
o101 = Instance.new("CylinderMesh")
o102 = Instance.new("Part")
o103 = Instance.new("CylinderMesh")
o104 = Instance.new("Part")
o105 = Instance.new("CylinderMesh")
o106 = Instance.new("Part")
o107 = Instance.new("CylinderMesh")
o108 = Instance.new("Part")
o109 = Instance.new("SpecialMesh")
o110 = Instance.new("Part")
o111 = Instance.new("SpecialMesh")
o112 = Instance.new("Part")
o113 = Instance.new("SpecialMesh")
o114 = Instance.new("Part")
o115 = Instance.new("Part")
o116 = Instance.new("CylinderMesh")
o117 = Instance.new("Part")
o118 = Instance.new("Part")
o119 = Instance.new("CylinderMesh")
o120 = Instance.new("Part")
o121 = Instance.new("Weld")
o122 = Instance.new("Weld")
o123 = Instance.new("Weld")
o124 = Instance.new("Weld")
o125 = Instance.new("Weld")
o126 = Instance.new("Weld")
o127 = Instance.new("Weld")
o128 = Instance.new("Weld")
o129 = Instance.new("Weld")
o130 = Instance.new("Weld")
o131 = Instance.new("Weld")
o132 = Instance.new("Weld")
o133 = Instance.new("Weld")
o134 = Instance.new("Weld")
o135 = Instance.new("Weld")
o136 = Instance.new("Weld")
o137 = Instance.new("Weld")
o138 = Instance.new("Weld")
o139 = Instance.new("Weld")
o140 = Instance.new("Weld")
o141 = Instance.new("Weld")
o142 = Instance.new("Weld")
o143 = Instance.new("Weld")
o144 = Instance.new("Weld")
o145 = Instance.new("Weld")
o146 = Instance.new("Weld")
o147 = Instance.new("Weld")
o148 = Instance.new("Weld")
o149 = Instance.new("Weld")
o150 = Instance.new("Weld")
o151 = Instance.new("Weld")
o152 = Instance.new("Weld")
o153 = Instance.new("Weld")
o154 = Instance.new("Weld")
o155 = Instance.new("Weld")
o156 = Instance.new("Weld")
o157 = Instance.new("Weld")
o158 = Instance.new("Weld")
o159 = Instance.new("Weld")
o160 = Instance.new("Weld")
o161 = Instance.new("Weld")
o162 = Instance.new("Weld")
o163 = Instance.new("Weld")
o164 = Instance.new("Weld")
o165 = Instance.new("Weld")
o166 = Instance.new("Weld")
o167 = Instance.new("Weld")
o168 = Instance.new("Weld")
o169 = Instance.new("Weld")
o170 = Instance.new("Weld")
o171 = Instance.new("Weld")
o172 = Instance.new("Weld")
o173 = Instance.new("VehicleSeat")
o174 = Instance.new("StringValue")
o175 = Instance.new("Script")
o176 = Instance.new("BodyGyro")
o177 = Instance.new("BodyVelocity")
o178 = Instance.new("Script")
o179 = Instance.new("Weld")
o180 = Instance.new("Weld")
o181 = Instance.new("Weld")
o182 = Instance.new("Weld")
o183 = Instance.new("Weld")
o184 = Instance.new("Weld")
o185 = Instance.new("Weld")
o186 = Instance.new("Weld")
o187 = Instance.new("Weld")
o188 = Instance.new("Weld")
o189 = Instance.new("Weld")
o190 = Instance.new("Weld")
o191 = Instance.new("Weld")
o192 = Instance.new("Weld")
o193 = Instance.new("Weld")
o194 = Instance.new("Weld")
o195 = Instance.new("Weld")
o196 = Instance.new("Weld")
o197 = Instance.new("Weld")
o198 = Instance.new("Weld")
o199 = Instance.new("Weld")
o200 = Instance.new("Weld")
o201 = Instance.new("Weld")
o202 = Instance.new("Weld")
o203 = Instance.new("Weld")
o204 = Instance.new("Weld")
o205 = Instance.new("Weld")
o206 = Instance.new("Weld")
o207 = Instance.new("Weld")
o208 = Instance.new("Weld")
o209 = Instance.new("Weld")
o210 = Instance.new("Sound")
o211 = Instance.new("Script")
o212 = Instance.new("ScreenGui")
o213 = Instance.new("LocalScript")
o214 = Instance.new("ObjectValue")
o215 = Instance.new("Sound")
o216 = Instance.new("Script")
o217 = Instance.new("ScreenGui")
o218 = Instance.new("LocalScript")
o219 = Instance.new("ObjectValue")
o220 = Instance.new("Sound")
o221 = Instance.new("Script")
o222 = Instance.new("ScreenGui")
o223 = Instance.new("LocalScript")
o224 = Instance.new("ObjectValue")
o225 = Instance.new("Sound")
o226 = Instance.new("Script")
o227 = Instance.new("ScreenGui")
o228 = Instance.new("LocalScript")
o229 = Instance.new("ObjectValue")
o230 = Instance.new("Part")
o231 = Instance.new("SpecialMesh")
o232 = Instance.new("Part")
o233 = Instance.new("CylinderMesh")
o234 = Instance.new("Part")
o235 = Instance.new("CylinderMesh")
o236 = Instance.new("Part")
o237 = Instance.new("SpecialMesh")
o238 = Instance.new("Part")
o239 = Instance.new("Weld")
o240 = Instance.new("Weld")
o241 = Instance.new("Weld")
o242 = Instance.new("Weld")
o243 = Instance.new("Weld")
o244 = Instance.new("Weld")
o245 = Instance.new("Weld")
o246 = Instance.new("Weld")
o247 = Instance.new("Weld")
o248 = Instance.new("Weld")
o249 = Instance.new("Weld")
o250 = Instance.new("Weld")
o251 = Instance.new("Part")
o252 = Instance.new("Part")
o253 = Instance.new("SpecialMesh")
o254 = Instance.new("Part")
o255 = Instance.new("CylinderMesh")
o256 = Instance.new("Part")
o257 = Instance.new("SpecialMesh")
o258 = Instance.new("Part")
o259 = Instance.new("SpecialMesh")
o260 = Instance.new("Part")
o261 = Instance.new("Part")
o262 = Instance.new("SpecialMesh")
o263 = Instance.new("Part")
o264 = Instance.new("Part")
o265 = Instance.new("SpecialMesh")
o266 = Instance.new("Part")
o267 = Instance.new("CylinderMesh")
o268 = Instance.new("Part")
o269 = Instance.new("SpecialMesh")
o270 = Instance.new("Part")
o271 = Instance.new("Part")
o272 = Instance.new("Part")
o273 = Instance.new("Part")
o274 = Instance.new("SpecialMesh")
o275 = Instance.new("Part")
o276 = Instance.new("Part")
o277 = Instance.new("Weld")
o278 = Instance.new("Weld")
o279 = Instance.new("Weld")
o280 = Instance.new("Weld")
o281 = Instance.new("Weld")
o282 = Instance.new("Weld")
o283 = Instance.new("Weld")
o284 = Instance.new("Weld")
o285 = Instance.new("Weld")
o286 = Instance.new("Weld")
o287 = Instance.new("Weld")
o288 = Instance.new("Weld")
o289 = Instance.new("Weld")
o290 = Instance.new("Weld")
o291 = Instance.new("Weld")
o292 = Instance.new("Weld")
o293 = Instance.new("Weld")
o294 = Instance.new("Weld")
o295 = Instance.new("Weld")
o296 = Instance.new("Part")
o297 = Instance.new("SpecialMesh")
o298 = Instance.new("Part")
o299 = Instance.new("Part")
o300 = Instance.new("CylinderMesh")
o301 = Instance.new("Part")
o302 = Instance.new("SpecialMesh")
o303 = Instance.new("Part")
o304 = Instance.new("SpecialMesh")
o305 = Instance.new("Part")
o306 = Instance.new("SpecialMesh")
o307 = Instance.new("ManualWeld")
o308 = Instance.new("Part")
o309 = Instance.new("SpecialMesh")
o310 = Instance.new("Part")
o311 = Instance.new("SpecialMesh")
o312 = Instance.new("Part")
o313 = Instance.new("Weld")
o314 = Instance.new("Weld")
o315 = Instance.new("Weld")
o316 = Instance.new("Weld")
o317 = Instance.new("Weld")
o318 = Instance.new("Weld")
o319 = Instance.new("Weld")
o320 = Instance.new("Weld")
o321 = Instance.new("Part")
o322 = Instance.new("Part")
o323 = Instance.new("Weld")
o324 = Instance.new("Weld")
o325 = Instance.new("Weld")
o326 = Instance.new("Weld")
o327 = Instance.new("Weld")
o328 = Instance.new("Weld")
o329 = Instance.new("Weld")
o330 = Instance.new("Weld")
o331 = Instance.new("Weld")
o332 = Instance.new("Weld")
o333 = Instance.new("Part")
o334 = Instance.new("Part")
o335 = Instance.new("Part")
o336 = Instance.new("SpecialMesh")
o337 = Instance.new("Part")
o338 = Instance.new("CylinderMesh")
o339 = Instance.new("Part")
o340 = Instance.new("CylinderMesh")
o341 = Instance.new("Part")
o342 = Instance.new("SpecialMesh")
o343 = Instance.new("Part")
o344 = Instance.new("SpecialMesh")
o345 = Instance.new("Part")
o346 = Instance.new("SpecialMesh")
o347 = Instance.new("Part")
o348 = Instance.new("SpecialMesh")
o349 = Instance.new("Part")
o350 = Instance.new("SpecialMesh")
o351 = Instance.new("Part")
o352 = Instance.new("CylinderMesh")
o353 = Instance.new("Part")
o354 = Instance.new("Weld")
o355 = Instance.new("Weld")
o356 = Instance.new("Weld")
o357 = Instance.new("Weld")
o358 = Instance.new("Weld")
o359 = Instance.new("Weld")
o360 = Instance.new("Weld")
o361 = Instance.new("Weld")
o362 = Instance.new("Part")
o363 = Instance.new("CylinderMesh")
o364 = Instance.new("Part")
o365 = Instance.new("CylinderMesh")
o366 = Instance.new("Part")
o367 = Instance.new("SpecialMesh")
o368 = Instance.new("Part")
o369 = Instance.new("Part")
o370 = Instance.new("SpecialMesh")
o371 = Instance.new("ManualWeld")
o372 = Instance.new("Part")
o373 = Instance.new("Weld")
o374 = Instance.new("Weld")
o375 = Instance.new("Weld")
o376 = Instance.new("Weld")
o377 = Instance.new("Weld")
o378 = Instance.new("Weld")
o379 = Instance.new("Weld")
o380 = Instance.new("Weld")
o381 = Instance.new("Weld")
o382 = Instance.new("Weld")
o383 = Instance.new("Part")
o384 = Instance.new("Part")
o385 = Instance.new("Part")
o386 = Instance.new("CylinderMesh")
o387 = Instance.new("Part")
o388 = Instance.new("SpecialMesh")
o389 = Instance.new("Part")
o390 = Instance.new("SpecialMesh")
o391 = Instance.new("Part")
o392 = Instance.new("Weld")
o393 = Instance.new("Weld")
o394 = Instance.new("Weld")
o395 = Instance.new("Weld")
o396 = Instance.new("Weld")
o397 = Instance.new("Weld")
o398 = Instance.new("Weld")
o399 = Instance.new("Part")
o400 = Instance.new("CylinderMesh")
o401 = Instance.new("Part")
o402 = Instance.new("CylinderMesh")
o403 = Instance.new("Part")
o404 = Instance.new("Part")
o405 = Instance.new("Weld")
o406 = Instance.new("Weld")
o407 = Instance.new("Weld")
o408 = Instance.new("Weld")
o409 = Instance.new("Weld")
o410 = Instance.new("Weld")
o411 = Instance.new("Weld")
o412 = Instance.new("Part")
o413 = Instance.new("Weld")
o414 = Instance.new("Weld")
o415 = Instance.new("Weld")
o416 = Instance.new("Weld")
o417 = Instance.new("Weld")
o418 = Instance.new("Weld")
o419 = Instance.new("Weld")
o420 = Instance.new("Part")
o421 = Instance.new("CylinderMesh")
o422 = Instance.new("Part")
o423 = Instance.new("SpecialMesh")
o424 = Instance.new("Part")
o425 = Instance.new("Part")
o426 = Instance.new("Part")
o427 = Instance.new("SpecialMesh")
o428 = Instance.new("Part")
o429 = Instance.new("CylinderMesh")
o430 = Instance.new("Part")
o431 = Instance.new("SpecialMesh")
o432 = Instance.new("Part")
o433 = Instance.new("CylinderMesh")
o434 = Instance.new("Part")
o435 = Instance.new("SpecialMesh")
o436 = Instance.new("Part")
o437 = Instance.new("SpecialMesh")
o438 = Instance.new("Part")
o439 = Instance.new("CylinderMesh")
o440 = Instance.new("Part")
o441 = Instance.new("CylinderMesh")
o442 = Instance.new("Part")
o443 = Instance.new("Weld")
o444 = Instance.new("Weld")
o445 = Instance.new("Weld")
o446 = Instance.new("Weld")
o447 = Instance.new("Weld")
o448 = Instance.new("Weld")
o449 = Instance.new("Weld")
o450 = Instance.new("Weld")
o451 = Instance.new("Weld")
o452 = Instance.new("Part")
o453 = Instance.new("Part")
o454 = Instance.new("Weld")
o455 = Instance.new("Weld")
o456 = Instance.new("Weld")
o457 = Instance.new("Weld")
o458 = Instance.new("Weld")
o459 = Instance.new("Weld")
o460 = Instance.new("Weld")
o461 = Instance.new("Part")
o462 = Instance.new("Weld")
o463 = Instance.new("Weld")
o464 = Instance.new("Weld")
o465 = Instance.new("Weld")
o466 = Instance.new("Weld")
o467 = Instance.new("Weld")
o468 = Instance.new("Weld")
o469 = Instance.new("Weld")
o470 = Instance.new("Weld")
o471 = Instance.new("Weld")
o472 = Instance.new("Part")
o473 = Instance.new("Part")
o474 = Instance.new("CylinderMesh")
o475 = Instance.new("Part")
o476 = Instance.new("Part")
o477 = Instance.new("Part")
o478 = Instance.new("Part")
o479 = Instance.new("CylinderMesh")
o480 = Instance.new("Part")
o481 = Instance.new("CylinderMesh")
o482 = Instance.new("Part")
o483 = Instance.new("CylinderMesh")
o484 = Instance.new("Part")
o485 = Instance.new("CylinderMesh")
o486 = Instance.new("Part")
o487 = Instance.new("SpecialMesh")
o488 = Instance.new("Part")
o489 = Instance.new("SpecialMesh")
o490 = Instance.new("Part")
o491 = Instance.new("SpecialMesh")
o492 = Instance.new("Part")
o493 = Instance.new("CylinderMesh")
o494 = Instance.new("Part")
o495 = Instance.new("SpecialMesh")
o496 = Instance.new("Part")
o497 = Instance.new("SpecialMesh")
o498 = Instance.new("Part")
o499 = Instance.new("CylinderMesh")
o500 = Instance.new("Part")
o501 = Instance.new("Part")
o502 = Instance.new("Part")
o503 = Instance.new("Weld")
o504 = Instance.new("Weld")
o505 = Instance.new("Weld")
o506 = Instance.new("Weld")
o507 = Instance.new("Weld")
o508 = Instance.new("Weld")
o509 = Instance.new("Weld")
o510 = Instance.new("Weld")
o511 = Instance.new("Weld")
o512 = Instance.new("Part")
o513 = Instance.new("Part")
o514 = Instance.new("Part")
o515 = Instance.new("SpecialMesh")
o516 = Instance.new("Part")
o517 = Instance.new("CylinderMesh")
o518 = Instance.new("Part")
o519 = Instance.new("Weld")
o520 = Instance.new("Weld")
o521 = Instance.new("Weld")
o522 = Instance.new("Weld")
o523 = Instance.new("Weld")
o524 = Instance.new("Weld")
o525 = Instance.new("Weld")
o526 = Instance.new("Weld")
o527 = Instance.new("Weld")
o528 = Instance.new("Part")
o529 = Instance.new("CylinderMesh")
o530 = Instance.new("Part")
o531 = Instance.new("CylinderMesh")
o532 = Instance.new("Part")
o533 = Instance.new("SpecialMesh")
o1.Name = "N3xul Horse"
o1.Parent = mas
o2.Name = "BPart"
o2.Parent = o1
o2.Material = Enum.Material.Wood
o2.BrickColor = BrickColor.new("Brown")
o2.Position = Vector3.new(59.8985634, 7.55540943, 102.504021)
o2.Rotation = Vector3.new(-130.020004, -0.00999999978, -179.990005)
o2.RotVelocity = Vector3.new(0.00103320263, 2.50471257e-05, -0.000202040974)
o2.Velocity = Vector3.new(-0.0154006425, 0.0159904584, 0.00558446534)
o2.FormFactor = Enum.FormFactor.Custom
o2.Size = Vector3.new(0.800000012, 1.20000112, 0.400000036)
o2.CFrame = CFrame.new(59.8985634, 7.55540943, 102.504021, -1.0000031, 0.000153750312, -0.000109012733, 1.53707115e-05, 0.642988324, 0.765866578, 0.000187857004, 0.765868902, -0.642990291)
o2.BottomSurface = Enum.SurfaceType.Smooth
o2.TopSurface = Enum.SurfaceType.Smooth
o2.Color = Color3.new(0.486275, 0.360784, 0.27451)
o2.Position = Vector3.new(59.8985634, 7.55540943, 102.504021)
o2.Orientation = Vector3.new(-49.9799995, -179.990005, 0)
o2.Color = Color3.new(0.486275, 0.360784, 0.27451)
o3.Parent = o2
o3.MeshId = "http://www.roblox.com/asset/?id=13070796"
o3.Scale = Vector3.new(0.400000006, 0.5, 0.5)
o3.TextureId = "http://www.roblox.com/asset/?id=17721671"
o3.MeshType = Enum.MeshType.FileMesh
o3.Scale = Vector3.new(0.400000006, 0.5, 0.5)
o4.Name = "BPart"
o4.Parent = o1
o4.Material = Enum.Material.Wood
o4.BrickColor = BrickColor.new("Brown")
o4.Position = Vector3.new(60.2286491, 7.83755064, 102.775688)
o4.Rotation = Vector3.new(110.269997, -9.39999962, 18.4400005)
o4.RotVelocity = Vector3.new(0.00103320263, 2.50471257e-05, -0.000202040974)
o4.Velocity = Vector3.new(-0.0153368339, 0.0156430807, 0.00586770661)
o4.FormFactor = Enum.FormFactor.Custom
o4.Size = Vector3.new(0.400000036, 0.600000024, 0.800000012)
o4.CFrame = CFrame.new(60.2286491, 7.83755064, 102.775688, 0.935924709, -0.312088221, -0.163255036, -0.254854083, -0.280150473, -0.925500274, 0.243101686, 0.907804608, -0.341736704)
o4.BottomSurface = Enum.SurfaceType.Smooth
o4.Color = Color3.new(0.486275, 0.360784, 0.27451)
o4.Position = Vector3.new(60.2286491, 7.83755064, 102.775688)
o4.Orientation = Vector3.new(67.7399979, -154.470001, -137.710007)
o4.Color = Color3.new(0.486275, 0.360784, 0.27451)
o5.Name = "BPart"
o5.Parent = o1
o5.Material = Enum.Material.Wood
o5.BrickColor = BrickColor.new("Brown")
o5.Position = Vector3.new(59.5652733, 7.83952808, 102.778557)
o5.Rotation = Vector3.new(109.260002, 9.44999981, -18.2999992)
o5.RotVelocity = Vector3.new(0.00103320263, 2.50471257e-05, -0.000202040974)
o5.Velocity = Vector3.new(-0.0153363626, 0.0157741457, 0.00588636566)
o5.FormFactor = Enum.FormFactor.Custom
o5.Size = Vector3.new(0.400000036, 0.600000024, 0.800000012)
o5.CFrame = CFrame.new(59.5652733, 7.83952808, 102.778557, 0.936579645, 0.309664398, 0.164112732, 0.250632823, -0.264511198, -0.931237161, -0.244961351, 0.913309634, -0.325347781)
o5.BottomSurface = Enum.SurfaceType.Smooth
o5.Color = Color3.new(0.486275, 0.360784, 0.27451)
o5.Position = Vector3.new(59.5652733, 7.83952808, 102.778557)
o5.Orientation = Vector3.new(68.6299973, 153.229996, 136.539993)
o5.Color = Color3.new(0.486275, 0.360784, 0.27451)
o6.Name = "Saddle"
o6.Parent = o1
o7.Name = "BPart"
o7.Parent = o6
o7.Material = Enum.Material.Grass
o7.BrickColor = BrickColor.new("Nougat")
o7.Position = Vector3.new(59.0964432, 6.73122406, 109.057053)
o7.Rotation = Vector3.new(159.979996, -0.00999999978, 90)
o7.RotVelocity = Vector3.new(0.00103320263, 2.50471257e-05, -0.000202040974)
o7.Velocity = Vector3.new(-0.0154030276, 0.00938190892, 0.00475300569)
o7.CanCollide = false
o7.FormFactor = Enum.FormFactor.Custom
o7.Size = Vector3.new(0.200000003, 0.400000036, 1)
o7.CFrame = CFrame.new(59.0964432, 6.73122406, 109.057053, 5.00513997e-05, -1.00000322, -0.000181844342, -0.939593375, 1.52146695e-05, -0.342275649, 0.342276663, 0.00018806319, -0.939596176)
o7.BottomSurface = Enum.SurfaceType.Smooth
o7.Color = Color3.new(0.8, 0.556863, 0.411765)
o7.Position = Vector3.new(59.0964432, 6.73122406, 109.057053)
o7.Orientation = Vector3.new(20.0200005, -179.990005, -90)
o7.Color = Color3.new(0.8, 0.556863, 0.411765)
o8.Name = "BPart"
o8.Parent = o6
o8.Material = Enum.Material.Grass
o8.BrickColor = BrickColor.new("Black")
o8.Position = Vector3.new(59.8965263, 6.84743071, 109.448219)
o8.Rotation = Vector3.new(69.9800034, 0, 89.9899979)
o8.RotVelocity = Vector3.new(0.00103320263, 2.50471257e-05, -0.000202040974)
o8.Velocity = Vector3.new(-0.0153697515, 0.00881610531, 0.00485303067)
o8.CanCollide = false
o8.FormFactor = Enum.FormFactor.Custom
o8.Size = Vector3.new(0.400000036, 1.4000001, 0.400000006)
o8.CFrame = CFrame.new(59.8965263, 6.84743071, 109.448219, 0.000181785144, -1.00000322, 4.99609741e-05, 0.342270523, 1.52742505e-05, -0.939595282, 0.939598024, 0.000187977741, 0.342271507)
o8.BottomSurface = Enum.SurfaceType.Smooth
o8.TopSurface = Enum.SurfaceType.Smooth
o8.Color = Color3.new(0.105882, 0.164706, 0.207843)
o8.Position = Vector3.new(59.8965263, 6.84743071, 109.448219)
o8.Orientation = Vector3.new(69.9800034, 0.00999999978, 90)
o8.Color = Color3.new(0.105882, 0.164706, 0.207843)
o9.Parent = o8
o10.Name = "BPart"
o10.Parent = o6
o10.Material = Enum.Material.Grass
o10.BrickColor = BrickColor.new("Nougat")
o10.Position = Vector3.new(59.89645, 6.731215, 109.0569)
o10.Rotation = Vector3.new(159.979996, 90, 0)
o10.RotVelocity = Vector3.new(0.00103320263, 2.50471257e-05, -0.000202040974)
o10.Velocity = Vector3.new(-0.0154030332, 0.00922043249, 0.00473295851)
o10.CanCollide = false
o10.FormFactor = Enum.FormFactor.Custom
o10.Size = Vector3.new(0.999999821, 0.200000003, 1.20000005)
o10.CFrame = CFrame.new(59.89645, 6.731215, 109.0569, 0.000181867043, 4.98715672e-05, 1.00000322, 0.342270494, -0.939595282, -1.53934743e-05, 0.939598083, 0.342271477, -0.000188034086)
o10.BottomSurface = Enum.SurfaceType.Smooth
o10.TopSurface = Enum.SurfaceType.Smooth
o10.Color = Color3.new(0.8, 0.556863, 0.411765)
o10.Position = Vector3.new(59.89645, 6.731215, 109.0569)
o10.Orientation = Vector3.new(0, 90.0100021, 159.979996)
o10.Color = Color3.new(0.8, 0.556863, 0.411765)
o11.Parent = o10
o12.Name = "BPart"
o12.Parent = o6
o12.Material = Enum.Material.Grass
o12.BrickColor = BrickColor.new("Nougat")
o12.Position = Vector3.new(58.5662537, 6.42101097, 108.057213)
o12.Rotation = Vector3.new(-180, -0.0199999996, 68.5599976)
o12.RotVelocity = Vector3.new(0.00103320263, 2.50471257e-05, -0.000202040974)
o12.Velocity = Vector3.new(-0.0154907461, 0.0105220666, 0.00444577215)
o12.CanCollide = false
o12.FormFactor = Enum.FormFactor.Custom
o12.Size = Vector3.new(0.200000003, 0.800000012, 0.800000012)
o12.CFrame = CFrame.new(58.5662537, 6.42101097, 108.057213, 0.365465045, -0.930828571, -0.000298255938, -0.930820167, -0.365461767, 5.87769318e-05, -0.000163762204, 0.000256205269, -0.999997199)
o12.BottomSurface = Enum.SurfaceType.Smooth
o12.Color = Color3.new(0.8, 0.556863, 0.411765)
o12.Position = Vector3.new(58.5662537, 6.42101097, 108.057213)
o12.Orientation = Vector3.new(0, -179.979996, -111.440002)
o12.Color = Color3.new(0.8, 0.556863, 0.411765)
o13.Name = "BPart"
o13.Parent = o6
o13.Material = Enum.Material.Grass
o13.BrickColor = BrickColor.new("Black")
o13.Position = Vector3.new(58.1079445, 5.76735592, 107.69754)
o13.Rotation = Vector3.new(-90.0199966, 15, -89.9899979)
o13.RotVelocity = Vector3.new(0.00103320263, 2.50471257e-05, -0.000202040974)
o13.Velocity = Vector3.new(-0.015631821, 0.0109862778, 0.00378189352)
o13.CanCollide = false
o13.FormFactor = Enum.FormFactor.Custom
o13.Size = Vector3.new(2.4000001, 0.200000003, 1)
o13.CFrame = CFrame.new(58.1079445, 5.76735592, 107.69754, 0.000187961909, 0.965925038, 0.2588346, 0.000268438598, -0.258832306, 0.965916216, 0.999997199, -0.000112154929, -0.000307939772)
o13.BottomSurface = Enum.SurfaceType.Smooth
o13.TopSurface = Enum.SurfaceType.Smooth
o13.Color = Color3.new(0.105882, 0.164706, 0.207843)
o13.Position = Vector3.new(58.1079445, 5.76735592, 107.69754)
o13.Orientation = Vector3.new(-75, 90.0699997, 179.940002)
o13.Color = Color3.new(0.105882, 0.164706, 0.207843)
o14.Parent = o13
o15.Name = "BPart"
o15.Parent = o6
o15.Material = Enum.Material.Grass
o15.BrickColor = BrickColor.new("Black")
o15.Position = Vector3.new(57.9961929, 4.94419336, 107.697784)
o15.Rotation = Vector3.new(-90.0199966, 0, -89.9899979)
o15.RotVelocity = Vector3.new(0.00103320263, 2.50471257e-05, -0.000202040974)
o15.Velocity = Vector3.new(-0.0157981273, 0.0110086044, 0.00293419883)
o15.CanCollide = false
o15.FormFactor = Enum.FormFactor.Custom
o15.Size = Vector3.new(2.4000001, 0.200000003, 0.800000012)
o15.CFrame = CFrame.new(57.9961929, 4.94419336, 107.697784, 0.000187932106, 1.00000322, 1.51341574e-05, 0.000268458476, -1.51848517e-05, 0.999994159, 0.999997199, -0.000188004342, -0.000268439006)
o15.BottomSurface = Enum.SurfaceType.Smooth
o15.TopSurface = Enum.SurfaceType.Smooth
o15.Color = Color3.new(0.105882, 0.164706, 0.207843)
o15.Position = Vector3.new(57.9961929, 4.94419336, 107.697784)
o15.Orientation = Vector3.new(-89.8000031, 176.770004, 93.2399979)
o15.Color = Color3.new(0.105882, 0.164706, 0.207843)
o16.Parent = o15
o17.Name = "BPart"
o17.Parent = o6
o17.Material = Enum.Material.Grass
o17.BrickColor = BrickColor.new("Nougat")
o17.Position = Vector3.new(60.6964493, 6.73120403, 109.056747)
o17.Rotation = Vector3.new(159.979996, -0.00999999978, -90)
o17.RotVelocity = Vector3.new(0.00103320263, 2.50471257e-05, -0.000202040974)
o17.Velocity = Vector3.new(-0.0154030388, 0.00905895792, 0.00471290946)
o17.CanCollide = false
o17.FormFactor = Enum.FormFactor.Custom
o17.Size = Vector3.new(0.200000003, 0.400000036, 1)
o17.CFrame = CFrame.new(60.6964493, 6.73120403, 109.056747, -4.99014859e-05, 1.00000322, -0.000181911746, 0.939595044, -1.53934889e-05, -0.342271119, -0.342272073, -0.000188085716, -0.939597845)
o17.BottomSurface = Enum.SurfaceType.Smooth
o17.Color = Color3.new(0.8, 0.556863, 0.411765)
o17.Position = Vector3.new(60.6964493, 6.73120403, 109.056747)
o17.Orientation = Vector3.new(20.0200005, -179.990005, 90)
o17.Color = Color3.new(0.8, 0.556863, 0.411765)
o18.Name = "BPart"
o18.Parent = o6
o18.Material = Enum.Material.Grass
o18.BrickColor = BrickColor.new("Nougat")
o18.Position = Vector3.new(57.4228401, 4.59145403, 107.157982)
o18.Rotation = Vector3.new(-90.0199966, 15, -89.9899979)
o18.RotVelocity = Vector3.new(0.00103320263, 2.50471257e-05, -0.000202040974)
o18.Velocity = Vector3.new(-0.0158829149, 0.0116821704, 0.00258410862)
o18.CanCollide = false
o18.FormFactor = Enum.FormFactor.Custom
o18.Size = Vector3.new(0.400000006, 0.200000003, 1.4000001)
o18.CFrame = CFrame.new(57.4228401, 4.59145403, 107.157982, 0.000187965867, 0.965925038, 0.2588346, 0.000268482807, -0.258832306, 0.965916216, 0.999997199, -0.000112147303, -0.000307983486)
o18.BottomSurface = Enum.SurfaceType.Smooth
o18.TopSurface = Enum.SurfaceType.Smooth
o18.Color = Color3.new(0.8, 0.556863, 0.411765)
o18.Position = Vector3.new(57.4228401, 4.59145403, 107.157982)
o18.Orientation = Vector3.new(-75, 90.0699997, 179.940002)
o18.Color = Color3.new(0.8, 0.556863, 0.411765)
o19.Parent = o18
o20.Name = "BPart"
o20.Parent = o6
o20.Material = Enum.Material.Grass
o20.BrickColor = BrickColor.new("Black")
o20.Position = Vector3.new(58.5662193, 6.32087517, 107.69725)
o20.Rotation = Vector3.new(-90.0400009, 70, 90.0299988)
o20.RotVelocity = Vector3.new(0.00103320263, 2.50471257e-05, -0.000202040974)
o20.Velocity = Vector3.new(-0.0155199943, 0.0108939875, 0.00434231246)
o20.CanCollide = false
o20.FormFactor = Enum.FormFactor.Custom
o20.Size = Vector3.new(2.4000001, 0.200000003, 0.800000012)
o20.CFrame = CFrame.new(58.5662193, 6.32087517, 107.69725, -0.000187983154, -0.342007101, 0.939700842, -0.000268285658, 0.939692318, 0.342003942, -0.999997199, -0.000187768979, -0.000268466712)
o20.BottomSurface = Enum.SurfaceType.Smooth
o20.TopSurface = Enum.SurfaceType.Smooth
o20.Color = Color3.new(0.105882, 0.164706, 0.207843)
o20.Position = Vector3.new(58.5662193, 6.32087517, 107.69725)
o20.Orientation = Vector3.new(-20, 90.0199966, -0.0199999996)
o20.Color = Color3.new(0.105882, 0.164706, 0.207843)
o21.Parent = o20
o22.Name = "BPart"
o22.Parent = o6
o22.Material = Enum.Material.Grass
o22.BrickColor = BrickColor.new("Nougat")
o22.Position = Vector3.new(57.8360786, 5.65064049, 107.157623)
o22.Rotation = Vector3.new(179.979996, -0.00999999978, -60)
o22.RotVelocity = Vector3.new(0.00103320263, 2.50471257e-05, -0.000202040974)
o22.Velocity = Vector3.new(-0.0156689249, 0.0115990499, 0.00366811221)
o22.CanCollide = false
o22.FormFactor = Enum.FormFactor.Custom
o22.Size = Vector3.new(1, 0.200000003, 1)
o22.CFrame = CFrame.new(57.8360786, 5.65064049, 107.157623, 0.500014842, 0.86602062, -0.000187983795, 0.866012752, -0.500010371, -0.000268476462, -0.000326518551, -2.86327559e-05, -0.999997199)
o22.BottomSurface = Enum.SurfaceType.Smooth
o22.TopSurface = Enum.SurfaceType.Smooth
o22.Color = Color3.new(0.8, 0.556863, 0.411765)
o22.Position = Vector3.new(57.8360786, 5.65064049, 107.157623)
o22.Orientation = Vector3.new(0.0199999996, -179.990005, 120)
o22.Color = Color3.new(0.8, 0.556863, 0.411765)
o23.Parent = o22
o24.Name = "BPart"
o24.Parent = o6
o24.Material = Enum.Material.Grass
o24.BrickColor = BrickColor.new("Nougat")
o24.Position = Vector3.new(58.0260391, 5.9840374, 107.157494)
o24.Rotation = Vector3.new(-90.0199966, 30, -89.9899979)
o24.RotVelocity = Vector3.new(0.00103320263, 2.50471257e-05, -0.000202040974)
o24.Velocity = Vector3.new(-0.0156015679, 0.0115608042, 0.00400782097)
o24.CanCollide = false
o24.FormFactor = Enum.FormFactor.Custom
o24.Size = Vector3.new(0.999999821, 0.200000003, 0.800000012)
o24.CFrame = CFrame.new(58.0260391, 5.9840374, 107.157494, 0.000187961909, 0.86602062, 0.500014842, 0.000268438598, -0.500010371, 0.866012752, 0.999997199, -2.86327559e-05, -0.000326474837)
o24.BottomSurface = Enum.SurfaceType.Smooth
o24.TopSurface = Enum.SurfaceType.Smooth
o24.Color = Color3.new(0.8, 0.556863, 0.411765)
o24.Position = Vector3.new(58.0260391, 5.9840374, 107.157494)
o24.Orientation = Vector3.new(-60, 90.0400009, 179.970001)
o24.Color = Color3.new(0.8, 0.556863, 0.411765)
o25.Parent = o24
o26.Name = "BPart"
o26.Parent = o6
o26.Material = Enum.Material.Grass
o26.BrickColor = BrickColor.new("Black")
o26.Position = Vector3.new(58.2761497, 4.09084177, 107.697952)
o26.Rotation = Vector3.new(-0.0199999996, 0.00999999978, 120)
o26.RotVelocity = Vector3.new(0.00103320263, 2.50471257e-05, -0.000202040974)
o26.Velocity = Vector3.new(-0.0159705337, 0.0109518683, 0.00204550172)
o26.CanCollide = false
o26.FormFactor = Enum.FormFactor.Custom
o26.Size = Vector3.new(1.19999981, 0.200000003, 0.400000036)
o26.CFrame = CFrame.new(58.2761497, 4.09084177, 107.697952, -0.499988526, -0.866035819, 0.000187940081, 0.866027951, -0.499983966, 0.000268476462, -0.000138484422, 0.000297051913, 0.999997199)
o26.BottomSurface = Enum.SurfaceType.Smooth
o26.TopSurface = Enum.SurfaceType.Smooth
o26.Color = Color3.new(0.105882, 0.164706, 0.207843)
o26.Position = Vector3.new(58.2761497, 4.09084177, 107.697952)
o26.Orientation = Vector3.new(-0.0199999996, 0.00999999978, 120)
o26.Color = Color3.new(0.105882, 0.164706, 0.207843)
o27.Parent = o26
o28.Name = "BPart"
o28.Parent = o6
o28.Material = Enum.Material.Grass
o28.BrickColor = BrickColor.new("Nougat")
o28.Position = Vector3.new(58.5660973, 6.42073107, 107.157219)
o28.Rotation = Vector3.new(-90.0500031, 70, -89.9700012)
o28.RotVelocity = Vector3.new(0.00103320263, 2.50471257e-05, -0.000202040974)
o28.Velocity = Vector3.new(-0.0155133456, 0.0114519745, 0.00444548717)
o28.CanCollide = false
o28.FormFactor = Enum.FormFactor.Custom
o28.Size = Vector3.new(0.999999821, 0.200000003, 0.800000012)
o28.CFrame = CFrame.new(58.5660973, 6.42073107, 107.157219, 0.000188185484, 0.342007101, 0.939700842, 0.000268403062, -0.939692318, 0.342003942, 0.999997199, 0.000187810103, -0.000268696924)
o28.BottomSurface = Enum.SurfaceType.Smooth
o28.TopSurface = Enum.SurfaceType.Smooth
o28.Color = Color3.new(0.8, 0.556863, 0.411765)
o28.Position = Vector3.new(58.5660973, 6.42073107, 107.157219)
o28.Orientation = Vector3.new(-20, 90.0199966, 179.979996)
o28.Color = Color3.new(0.8, 0.556863, 0.411765)
o29.Parent = o28
o30.Name = "BPart"
o30.Parent = o6
o30.Material = Enum.Material.Grass
o30.BrickColor = BrickColor.new("Black")
o30.Position = Vector3.new(59.8961983, 6.45085669, 107.69696)
o30.Rotation = Vector3.new(179.979996, 90, 0)
o30.RotVelocity = Vector3.new(0.00103320263, 2.50471257e-05, -0.000202040974)
o30.Velocity = Vector3.new(-0.0154937394, 0.0106255766, 0.00444329763)
o30.CanCollide = false
o30.FormFactor = Enum.FormFactor.Custom
o30.Size = Vector3.new(2.4000001, 0.200000003, 2.00000024)
o30.CFrame = CFrame.new(59.8961983, 6.45085669, 107.69696, 0.000187996833, -1.53427391e-05, 1.00000322, 0.000268636504, -0.999994159, -1.53934834e-05, 0.999997199, 0.000268617063, -0.000188069011)
o30.BottomSurface = Enum.SurfaceType.Smooth
o30.TopSurface = Enum.SurfaceType.Smooth
o30.Color = Color3.new(0.105882, 0.164706, 0.207843)
o30.Position = Vector3.new(59.8961983, 6.45085669, 107.69696)
o30.Orientation = Vector3.new(0, 90.0100021, 179.979996)
o30.Color = Color3.new(0.105882, 0.164706, 0.207843)
o31.Parent = o30
o32.Name = "BPart"
o32.Parent = o6
o32.Material = Enum.Material.Grass
o32.BrickColor = BrickColor.new("Nougat")
o32.Position = Vector3.new(59.8961792, 6.55084896, 107.596939)
o32.Rotation = Vector3.new(179.979996, 90, 0)
o32.RotVelocity = Vector3.new(0.00103320263, 2.50471257e-05, -0.000202040974)
o32.Velocity = Vector3.new(-0.0154760424, 0.0107289227, 0.00454661064)
o32.CanCollide = false
o32.FormFactor = Enum.FormFactor.Custom
o32.Size = Vector3.new(2, 0.200000003, 2.00000024)
o32.CFrame = CFrame.new(59.8961792, 6.55084896, 107.596939, 0.000188200793, -1.50149526e-05, 1.00000322, 0.000268427888, -0.999994159, -1.50657143e-05, 0.999997199, 0.000268408359, -0.000188273087)
o32.BottomSurface = Enum.SurfaceType.Smooth
o32.TopSurface = Enum.SurfaceType.Smooth
o32.Color = Color3.new(0.8, 0.556863, 0.411765)
o32.Position = Vector3.new(59.8961792, 6.55084896, 107.596939)
o32.Orientation = Vector3.new(0, 90.0100021, 179.979996)
o32.Color = Color3.new(0.8, 0.556863, 0.411765)
o33.Parent = o32
o34.Name = "BPart"
o34.Parent = o6
o34.Material = Enum.Material.Grass
o34.BrickColor = BrickColor.new("Nougat")
o34.Position = Vector3.new(61.2246208, 6.42215347, 108.056793)
o34.Rotation = Vector3.new(179.979996, -0.00999999978, -70)
o34.RotVelocity = Vector3.new(0.00103320263, 2.50471257e-05, -0.000202040974)
o34.Velocity = Vector3.new(-0.0154905263, 0.0099854013, 0.00438036816)
o34.CanCollide = false
o34.FormFactor = Enum.FormFactor.Custom
o34.Size = Vector3.new(0.200000003, 0.800000012, 0.800000012)
o34.CFrame = CFrame.new(61.2246208, 6.42215347, 108.056793, 0.342035532, 0.93969053, -0.000187976868, 0.939682007, -0.342032462, -0.000268479693, -0.000316586695, -8.48895288e-05, -0.999997199)
o34.BottomSurface = Enum.SurfaceType.Smooth
o34.Color = Color3.new(0.8, 0.556863, 0.411765)
o34.Position = Vector3.new(61.2246208, 6.42215347, 108.056793)
o34.Orientation = Vector3.new(0.0199999996, -179.990005, 110)
o34.Color = Color3.new(0.8, 0.556863, 0.411765)
o35.Name = "BPart"
o35.Parent = o6
o35.Material = Enum.Material.Grass
o35.BrickColor = BrickColor.new("Black")
o35.Position = Vector3.new(60.5961304, 3.44418693, 107.697685)
o35.Rotation = Vector3.new(-0.0199999996, 0.00999999978, -165)
o35.RotVelocity = Vector3.new(0.00103320263, 2.50471257e-05, -0.000202040974)
o35.Velocity = Vector3.new(-0.0161011927, 0.010483413, 0.00131926732)
o35.CanCollide = false
o35.FormFactor = Enum.FormFactor.Custom
o35.Size = Vector3.new(1.39999986, 0.200000003, 0.400000036)
o35.CFrame = CFrame.new(60.5961304, 3.44418693, 107.697685, -0.965933204, 0.258803934, 0.000187919708, -0.25880152, -0.965924501, 0.000268427306, 0.000251054938, 0.000210606479, 0.999997199)
o35.BottomSurface = Enum.SurfaceType.Smooth
o35.TopSurface = Enum.SurfaceType.Smooth
o35.Color = Color3.new(0.105882, 0.164706, 0.207843)
o35.Position = Vector3.new(60.5961304, 3.44418693, 107.697685)
o35.Orientation = Vector3.new(-0.0199999996, 0.00999999978, -165)
o35.Color = Color3.new(0.105882, 0.164706, 0.207843)
o36.Parent = o35
o37.Name = "BPart"
o37.Parent = o6
o37.Material = Enum.Material.Grass
o37.BrickColor = BrickColor.new("Black")
o37.Position = Vector3.new(59.1976585, 3.43934226, 107.697945)
o37.Rotation = Vector3.new(-0.0199999996, 0.00999999978, 165)
o37.RotVelocity = Vector3.new(0.00103320263, 2.50471257e-05, -0.000202040974)
o37.Velocity = Vector3.new(-0.016102165, 0.0107656941, 0.00134928967)
o37.CanCollide = false
o37.FormFactor = Enum.FormFactor.Custom
o37.Size = Vector3.new(1.39999986, 0.200000003, 0.400000036)
o37.CFrame = CFrame.new(59.1976585, 3.43934226, 107.697945, -0.96592474, -0.258835852, 0.000187919708, 0.258833557, -0.965915918, 0.00026844992, 0.000112110865, 0.000307939947, 0.999997199)
o37.BottomSurface = Enum.SurfaceType.Smooth
o37.TopSurface = Enum.SurfaceType.Smooth
o37.Color = Color3.new(0.105882, 0.164706, 0.207843)
o37.Position = Vector3.new(59.1976585, 3.43934226, 107.697945)
o37.Orientation = Vector3.new(-0.0199999996, 0.00999999978, 165)
o37.Color = Color3.new(0.105882, 0.164706, 0.207843)
o38.Parent = o37
o39.Name = "BPart"
o39.Parent = o6
o39.Material = Enum.Material.Grass
o39.BrickColor = BrickColor.new("Dark stone grey")
o39.Position = Vector3.new(57.2225685, 3.57048845, 107.158295)
o39.Rotation = Vector3.new(-0.0199999996, -90, 0)
o39.RotVelocity = Vector3.new(0.00103320263, 2.50471257e-05, -0.000202040974)
o39.Velocity = Vector3.new(-0.0160891842, 0.0117223104, 0.00153426034)
o39.CanCollide = false
o39.FormFactor = Enum.FormFactor.Custom
o39.Size = Vector3.new(1, 1, 0.200000003)
o39.CFrame = CFrame.new(57.2225685, 3.57048845, 107.158295, 0.000187970756, 1.51341601e-05, -1.00000322, 0.000268436648, 0.999994159, 1.51848617e-05, 0.999997199, -0.000268417178, 0.000188042992)
o39.BottomSurface = Enum.SurfaceType.Smooth
o39.TopSurface = Enum.SurfaceType.Smooth
o39.Color = Color3.new(0.388235, 0.372549, 0.384314)
o39.Position = Vector3.new(57.2225685, 3.57048845, 107.158295)
o39.Orientation = Vector3.new(0, -89.9899979, 0.0199999996)
o39.Color = Color3.new(0.388235, 0.372549, 0.384314)
o40.Name = "RMesh"
o40.Parent = o39
o40.MeshId = "http://www.roblox.com/asset/?id=3270017"
o40.Scale = Vector3.new(0.730000019, 0.730000019, 2)
o40.MeshType = Enum.MeshType.FileMesh
o40.Scale = Vector3.new(0.730000019, 0.730000019, 2)
o41.Name = "BPart"
o41.Parent = o6
o41.Material = Enum.Material.Grass
o41.BrickColor = BrickColor.new("Black")
o41.Position = Vector3.new(61.2262154, 6.3208313, 107.696747)
o41.Rotation = Vector3.new(90.0100021, 70, -90.0299988)
o41.RotVelocity = Vector3.new(0.00103320263, 2.50471257e-05, -0.000202040974)
